val(:,:,1) =

  -14.2352  -10.4228  -14.4468  -13.3409  -12.4290  -12.9407
  -16.0531  -10.7053  -14.3265  -12.7218  -13.6645  -13.0816
  -13.1116  -12.0018  -14.2194  -11.7160  -13.7056  -13.4124
  -12.7593  -12.6124  -15.0976  -13.5864  -16.1552  -12.9355
  -14.3945  -11.6764  -16.1726  -13.4385  -13.8551  -12.2118
  -13.5041  -12.6630  -16.4728  -12.8450  -16.4414  -12.8275
  -16.3922  -13.6496  -15.6649  -14.0661  -13.6149  -14.4741
  -17.1301  -17.2207  -12.8350  -12.8050  -13.1455  -12.6988
  -16.9272  -12.4071  -14.0761  -13.8250  -13.0014  -15.4062
  -14.2328  -14.8004  -14.1898  -12.3899  -12.4420  -12.2809
  -16.7892  -13.3204  -13.3739  -16.8392  -13.6399  -13.1563
  -18.5680  -12.1852  -13.9243  -12.4283  -14.1989  -13.0091
  -16.8197  -13.6658  -13.5719  -12.7948  -13.2770  -14.0162
  -17.3541  -14.6794  -12.9437  -12.0385  -12.8040  -12.9798
  -16.9566  -16.3106  -13.3218  -13.4507  -13.4227  -12.3187


val(:,:,2) =

  -16.2306  -12.3944  -13.4122  -12.7928  -16.3398  -14.7926
  -13.8472  -10.1785  -13.9477  -12.3549  -14.1370  -17.1691
  -14.4239  -10.9986  -12.5211  -12.2389  -13.8778  -12.7857
  -14.1731  -11.0784  -14.3558  -12.0523  -13.5365  -13.7600
  -12.0883  -11.0972  -14.5274  -14.4008  -12.2567  -10.8477
  -12.6946  -11.4898  -14.2437  -12.1821  -14.1130  -11.3481
  -14.4108  -15.5348  -13.1204  -13.6100  -13.2204  -12.3225
  -14.6241  -11.3634  -12.1197  -11.8854  -14.4781  -10.5910
  -14.0636  -11.9441  -12.0092  -11.4825  -11.8674  -11.9617
  -13.4300  -11.1251  -12.2364  -11.7381  -12.0793  -10.9962
  -12.9772  -12.1119  -13.5648  -14.8404  -13.9144  -12.0563
  -13.0128  -15.1791  -12.0404  -12.2079  -13.9144  -12.7888
  -12.5167  -16.5862  -12.5530  -12.6571  -14.2875  -13.2626
  -13.5295  -17.7814  -12.9133  -14.0303  -12.4930  -12.3280
  -12.8673  -14.0593  -13.3902  -17.7417  -13.6485  -12.3890


val(:,:,3) =

  -12.5873  -20.8649  -15.9400  -13.6544  -15.4384  -14.5879
  -17.1729  -13.2313  -17.3305  -14.0153  -14.2496  -14.2631
  -16.7274  -11.1907  -17.3430  -13.0689  -12.4811  -13.0709
  -16.4814  -12.3819  -15.6859  -12.7728  -12.2399  -12.5789
  -17.1756  -12.4796  -21.7212  -14.5527  -14.3562  -16.2396
  -16.0798   -9.9760  -21.9685  -11.9971  -11.8431  -14.5319
  -13.8368  -12.2258  -13.9125  -13.0515  -14.7701  -13.8619
  -16.3981  -12.8941  -17.2520  -12.5479  -14.0688  -12.1427
  -13.1211  -12.7059  -15.7349  -12.2522  -13.9402  -12.3845
  -13.4259  -13.7315  -13.9268  -13.4572  -12.1398  -12.0134
  -13.0769  -11.7250  -13.8194  -12.9593  -13.1676  -12.0185
  -13.0151  -11.7709  -13.9281  -12.7279  -16.1210  -12.5344
  -12.8801  -11.7091  -18.3794  -12.2802  -14.6830  -12.5696
  -13.7281  -13.1908  -14.6840  -11.6405  -14.7243  -12.8413
  -12.8000  -14.1866  -13.4569  -12.4478  -12.1488  -12.3134
